693784512487512936125963874932651487568247391741398625319475268856129743274836159
793684512486512937125973846932751684578246391641398725319465278857129463264837159
673894512912735486845612973798261354526473891134589267469128735287356149351947628
679835412123694758548217936416723895892561374735489621287956143961342587354178269
346795812258431697971862543129576438835214769764389251517948326493627185682153974
598463712742851639316729845175632498869145273423978156934287561681594327257316984
364978512152436978879125634738651429691247385245389167923764851486512793517893246
649835712358217964172649385916784523834521679725963148287356491591472836463198257
367485912425391867189726354873254196651973428294168573718649235946532781532817649
378694512564218397291753684643125978712869453859437261435971826186542739927386145
346895712725361984198427356984256173651783429273149568819674235467532891532918647
349756812826143579157829364593264187761398425284571693915487236478632951632915748
546938712987421536213675498165794283432186975798352641871269354659843127324517869
869725413512934687374168529798246135231857946456319872683571294925483761147692358
562874913839215647174639582345761298728953461916482375283196754651347829497528136
572649813986531472314872596238457961167298345459163287893726154741385629625914738
867942513254731968319568724532496871196827345478153296743689152621375489985214637
967248513254731869318569724835426971126987345479153286743692158681375492592814637
278649513956831472314572896532467981167298345489153267893726154741385629625914738
549728613328561497716493825183654972957832146264179358892347561671985234435216789
867459213945231687213768954689517432324896175571324869436172598158943726792685341
867459213549231687213768954986517432375824169421396875634172598158943726792685341
978654213546231798213879654697518432481326975325947186734182569159463827862795341
978654213645231798213879654796518432521347986384926175437182569159463827862795341
478526913219837456365149872793214685521968734846753129932481567687395241154672398
827945613431286975659173842378462591514398267296517384942831756163759428785624139
675924813413867592298153476732415968841396725569782134924531687387649251156278349
769823514145769283823451976456217398931685427278934651614598732397142865582376149
976583214481629357523741869315874926749362581862195473198456732654237198237918645
857926314341758692962431578184365927795214836623879145519647283436182759278593461
596782314318465279724319658943821765185976423267534891471698532652143987839257146
596872314318465279724319658943721865167598423285634791471986532652143987839257146
569872314318469257724315689943721865157986423286534791471658932692143578835297146
538279614762148593914536287296714358451893726873652149347921865625487931189365472
826375914795481326413269857942713685651928473387654291164592738238147569579836142
826375914975481326413269857742913685651728493389654271164592738238147569597836142
964237815182459376357861429891376254725184963436592187548723691219645738673918542
762389415395412678481675932679854321254193867138726594547931286823567149916248753
782463915945812673361975842478256391256139487139784526597641238823597164614328759
798342615365819472421675938679458321254193867183726594547931286832567149916284753
248967315516832947397154268423596871659781432781423596175249683834615729962378154
248967315517832946693154287426593871359781462781426593175249638864315729932678154
729348615836915472451672938678254391245193867193786524567431289982567143314829756
792348615836915472451672938679854321245193867183726594567431289928567143314289756
829463715475912683361785942784256391956137428132894576598641237243578169617329854
879362415635914782421785639784659321256143978193827546568431297942578163317296854
379284615428561739561793428213657984786149253945328176157436892692875341834912567
823479615145683792697251348718345269562197834934862571371524986289716453456938127
472983615385614972196572483641857239237491856859326147913245768524768391768139524
634879215792541368518263479359418726861792543247635981175926834483157692926384157
475239816892561347361874925954317268126498573738652491689123754547986132213745689
837524916159768324462139758591287643324691875678345192945876231216953487783412569
829375416346912785571486932485267391267193548193854627638741259952638174714529863
527438916841965273693721854718659432259314687364287591486193725175842369932576148
342579816978136542651284937497862351816395274523741698264913785189657423735428169
342875916879136542651294837487962351916358274523741689264513798195687423738429165
573489216249671358168325497681754932327916584495238671734192865812563749956847123
745239816236781954189564327678423591412895673953617248897156432561342789324978165
365942817197638452248175936436591278851726394972384165723859641689417523514263789
582493617197685234463127958215749863876352491934861725658214379341976582729538146
548623917196847523723195648917462385354978261862531479675314892431289756289756134
658239417341687952729451638437192586162845379985376124276913845514768293893524761
842635917679128354315479826153246789964587231287913465498361572721854693536792148
596472318321586479784193625843265791619837542257941836935718264168324957472659183
369742518158639472247185936436571289971826354582394167823957641695418723714263895
746352918281479536359186472425768193967531284813924765572893641198645327634217859
679532418325184976481769532938451627147628359562973841716845293294316785853297164
352769418718543629964218537423685791876491352195327846589174263631852974247936185
325748619146259387978136452591672834862413795734985126413597268289364571657821943
647283519231954687895617423179536248358421796426879135783162954962345871514798362
647283519231954678895617423189536247753421896426879135378162954962345781514798362
568342719974165832213897645357681294821974356496253187782419563639528471145736928
764835219321697854958124763693782541142569387875413926489356172536271498217948635
764853219521694837938127465693482571142579386875316924389765142456231798217948653
764835219521697834938124765693782541142569387875413926489356172356271498217948653
684735219521896734937124685398672541142589376765413928479358162853261497216947853
654738219821596734937124685398672541142859376765413928479385162583261497216947853
593476821628531974741982365134257689852369417967814253285193746316748592479625138
843795621625183947917642583596214378782356419431978265379461852168529734254837196
843697521925183746617542983596214378782356419431978265379461852158729634264835197
365947821841326795792851436458213679619784352273569184127698543534172968986435217
978653421316427598254198367731562984649831752825749136583214679462975813197386245
369784521187592436452613798746821953823965147591347682275436819914278365638159274
965438721314792865872651934187243596593816247426975318249187653751369482638524179
874356921315982467692417853958674312126893574437125689569231748243768195781549236
937564821216873594854192376475321968321986457698745132582437619169258743743619285
469357821532418967781296435145982673628173549973645218817564392296831754354729186
867593421932614587415287936241869753573421869698375214756932148184756392329148675
598467321642531897713298546156382974239174658874956213987615432321849765465723189
597468321642531978813279546756392184239184657184756293978615432321947865465823719
897543621342617589615289743281736954534891267976452318758924136463175892129368475
463795821851236794927814653142689375785321946396547218678452139539178462214963587
893564721765312498421798563138957246972486315654123987217845639349671852586239174
753846921961523487284197536415372869678914352329685174132468795597231648846759213
759436821861725493324198576472983165918657342536214789697341258283579614145862937
389756421471932658526841937168295743932467815745183296293618574814579362657324189
348756921971432658526891437169285743432967815785143296293618574814579362657324189
368457921971326458524189637452938176819765342637214895783541269296873514145692783
894675321571392648326418579148963257932587416765124983213856794459731862687249135
954687321786312594321459786149763258632598417875124639263971845417835962598246173
