693784512487512936125963874932651487568247391741398625319475268856129743274836159
793684512486512937125973846932751684578246391641398725319465278857129463264837159
673894512912735486845612973798261354526473891134589267469128735287356149351947628
679835412123694758548217936416723895892561374735489621287956143961342587354178269
346795812258431697971862543129576438835214769764389251517948326493627185682153974
598463712742851639316729845175632498869145273423978156934287561681594327257316984
364978512152436978879125634738651429691247385245389167923764851486512793517893246
649835712358217964172649385916784523834521679725963148287356491591472836463198257
367485912425391867189726354873254196651973428294168573718649235946532781532817649
378694512564218397291753684643125978712869453859437261435971826186542739927386145
346895712725361984198427356984256173651783429273149568819674235467532891532918647
349756812826143579157829364593264187761398425284571693915487236478632951632915748
546938712987421536213675498165794283432186975798352641871269354659843127324517869
869725413512934687374168529798246135231857946456319872683571294925483761147692358
562874913839215647174639582345761298728953461916482375283196754651347829497528136
572649813986531472314872596238457961167298345459163287893726154741385629625914738
867942513254731968319568724532496871196827345478153296743689152621375489985214637
967248513254731869318569724835426971126987345479153286743692158681375492592814637
278649513956831472314572896532467981167298345489153267893726154741385629625914738
549728613328561497716493825183654972957832146264179358892347561671985234435216789
867459213945231687213768954689517432324896175571324869436172598158943726792685341
867459213549231687213768954986517432375824169421396875634172598158943726792685341
978654213546231798213879654697518432481326975325947186734182569159463827862795341
978654213645231798213879654796518432521347986384926175437182569159463827862795341
478526913219837456365149872793214685521968734846753129932481567687395241154672398
827945613431286975659173842378462591514398267296517384942831756163759428785624139
675924813413867592298153476732415968841396725569782134924531687387649251156278349
769823514145769283823451976456217398931685427278934651614598732397142865582376149
976583214481629357523741869315874926749362581862195473198456732654237198237918645
857926314341758692962431578184365927795214836623879145519647283436182759278593461
596782314318465279724319658943821765185976423267534891471698532652143987839257146
596872314318465279724319658943721865167598423285634791471986532652143987839257146
569872314318469257724315689943721865157986423286534791471658932692143578835297146
538279614762148593914536287296714358451893726873652149347921865625487931189365472
826375914795481326413269857942713685651928473387654291164592738238147569579836142
826375914975481326413269857742913685651728493389654271164592738238147569597836142
964237815182459376357861429891376254725184963436592187548723691219645738673918542
762389415395412678481675932679854321254193867138726594547931286823567149916248753
782463915945812673361975842478256391256139487139784526597641238823597164614328759
798342615365819472421675938679458321254193867183726594547931286832567149916284753
248967315516832947397154268423596871659781432781423596175249683834615729962378154
248967315517832946693154287426593871359781462781426593175249638864315729932678154
729348615836915472451672938678254391245193867193786524567431289982567143314829756
792348615836915472451672938679854321245193867183726594567431289928567143314289756
829463715475912683361785942784256391956137428132894576598641237243578169617329854
879362415635914782421785639784659321256143978193827546568431297942578163317296854
379284615428561739561793428213657984786149253945328176157436892692875341834912567
823479615145683792697251348718345269562197834934862571371524986289716453456938127
472983615385614972196572483641857239237491856859326147913245768524768391768139524
634879215792541368518263479359418726861792543247635981175926834483157692926384157
475239816892561347361874925954317268126498573738652491689123754547986132213745689
837524916159768324462139758591287643324691875678345192945876231216953487783412569
829375416346912785571486932485267391267193548193854627638741259952638174714529863
527438916841965273693721854718659432259314687364287591486193725175842369932576148
342579816978136542651284937497862351816395274523741698264913785189657423735428169
342875916879136542651294837487962351916358274523741689264513798195687423738429165
573489216249671358168325497681754932327916584495238671734192865812563749956847123
745239816236781954189564327678423591412895673953617248897156432561342789324978165
365942817197638452248175936436591278851726394972384165723859641689417523514263789
582493617197685234463127958215749863876352491934861725658214379341976582729538146
548623917196847523723195648917462385354978261862531479675314892431289756289756134
658239417341687952729451638437192586162845379985376124276913845514768293893524761
842635917679128354315479826153246789964587231287913465498361572721854693536792148
596472318321586479784193625843265791619837542257941836935718264168324957472659183
369742518158639472247185936436571289971826354582394167823957641695418723714263895
746352918281479536359186472425768193967531284813924765572893641198645327634217859
679532418325184976481769532938451627147628359562973841716845293294316785853297164
352769418718543629964218537423685791876491352195327846589174263631852974247936185
325748619146259387978136452591672834862413795734985126413597268289364571657821943
647283519231954687895617423179536248358421796426879135783162954962345871514798362
647283519231954678895617423189536247753421896426879135378162954962345781514798362
568342719974165832213897645357681294821974356496253187782419563639528471145736928
764835219321697854958124763693782541142569387875413926489356172536271498217948635
764853219521694837938127465693482571142579386875316924389765142456231798217948653
764835219521697834938124765693782541142569387875413926489356172356271498217948653
684735219521896734937124685398672541142589376765413928479358162853261497216947853
654738219821596734937124685398672541142859376765413928479385162583261497216947853
593476821628531974741982365134257689852369417967814253285193746316748592479625138
843795621625183947917642583596214378782356419431978265379461852168529734254837196
843697521925183746617542983596214378782356419431978265379461852158729634264835197
365947821841326795792851436458213679619784352273569184127698543534172968986435217
978653421316427598254198367731562984649831752825749136583214679462975813197386245
369784521187592436452613798746821953823965147591347682275436819914278365638159274
965438721314792865872651934187243596593816247426975318249187653751369482638524179
874356921315982467692417853958674312126893574437125689569231748243768195781549236
937564821216873594854192376475321968321986457698745132582437619169258743743619285
469357821532418967781296435145982673628173549973645218817564392296831754354729186
867593421932614587415287936241869753573421869698375214756932148184756392329148675
598467321642531897713298546156382974239174658874956213987615432321849765465723189
597468321642531978813279546756392184239184657184756293978615432321947865465823719
897543621342617589615289743281736954534891267976452318758924136463175892129368475
463795821851236794927814653142689375785321946396547218678452139539178462214963587
893564721765312498421798563138957246972486315654123987217845639349671852586239174
753846921961523487284197536415372869678914352329685174132468795597231648846759213
759436821861725493324198576472983165918657342536214789697341258283579614145862937
389756421471932658526841937168295743932467815745183296293618574814579362657324189
348756921971432658526891437169285743432967815785143296293618574814579362657324189
368457921971326458524189637452938176819765342637214895783541269296873514145692783
894675321571392648326418579148963257932587416765124983213856794459731862687249135
954687321786312594321459786149763258632598417875124639263971845417835962598246173
367459821891326475524178693472893156918765342653214789739541268286937514145682937
736549821492318576815267493241683759579421638368975214653892147987154362124736985
758439621194726358326158497879514263632897145415362789547681932981243576263975814
859376421372451869146982753598634172413725986267819534724593618681247395935168247
859376421372451869146982753598634172413729586267815934724593618681247395935168247
956378421372451968148692753569834172413725896287916534724583619691247385835169247
859376421372491865146582793598634172413725986267819534724953618681247359935168247
859376421372491865146582793598634172413729586267815934724953618681247359935168247
687453921351729684294168537769581342825634179413297856132945768576812493948376215
678453921351829674294167538463591782725638149819274356132945867586712493947386215
785436921316972854924185673267398415159764382438521769571849236643217598892653147
837469521451382769269751843743918652186245397925637184612593478578124936394876215
865347921472691358193285476754912863639578142281436597517864239348729615926153784
965348721482671359173295486854712963736589142291436578518964237349827615627153894
857349621432861597619752843271583964945126378386497215768915432194238756523674189
869573421527841396134692875752319648348726519916485732671954283283167954495238167
348795621569142378217638954731429586956871243824563197692387415485916732173254869
874356921526491837139278654341962578697583142258714396713645289482139765965827413
768395421519462387234817956921536748873249615645781239497153862352678194186924573
879543621523716489641829735385194267792638514164257893956481372418372956237965148
589437621614285937273916485928543716137869254456721893395672148862154379741398562
356948721712563489498721356184275963673819245529634178961457832845392617237186594
456879321712634589389521467963482175248715936571963248625147893894356712137298654
896547321752913486314826957271365894943281765568479132637192548185634279429758613
349756821826143579157829364593264187761398452284571693915487236478632915632915748
764385921815492736239167584698571243352649817147823659573918462421756398986234175
357498621861527394249361785438172956512639847976845213193784562625913478784256139
356897421849621375271453698438172956512936847967548213193784562625319784784265139
375948621861723495492165387923574168746812539518396274684259713237481956159637842
715984623936572481248163795124357968367498152589216347672839514453621879891745236
764195823329867415815432967932516748586724139471389256658271394193648572247953681
497185623312649857586732941138596472975214386264873519829357164641928735753461298
487195623319642857526738941132586479975214386864973512298357164641829735753461298
498165723312749658567832941136597482285614397974283516629358174741926835853471269
785641923916832547423759861347128659258396714169475238834567192572914386691283475
659478123382651974417923865534182796726539481891764532173295648265847319948316257
649578123382641975517293864435182796726935481891764532173429658264857319958316247
619487523325619478748523961456398712287156349931274685892765134173942856564831297
789645123423819567165327948854732691316598472297164385672451839931286754548973216
689745123423819675175326948854132796317698452296574381762451839931287564548963217
657894123482135976319726584593487261764213859821569347176958432935642718248371695
891756423624318597357429816139682754562174389748935162485263971213897645976541238
594186723638729154127345986746938512251674839389512467875293641963451278412867395
179546823843729651625183947912675438587934216436218579391852764264397185758461392
819365724254718693736924581187546932342897156695231478921453867568172349473689215
815369724294718653736524981387645192142897536659231478921453867568172349473986215
175936824439287615628415379562391748943728156817564293796842531351679482284153967
835176924417982563296435817564798132781324695329561478948213756152647389673859241
865193724712648359943572681639281547428759163157364298374925816581436972296817435
387615924912348657564279831851467392643982715729531486496123578275894163138756249
398716524512394768674285931961478352743529816825631497437152689286943175159867243
385761924912348756674295813861457392743982561529613487457129638296834175138576249
986735124143298576275614893459183762821467359637529481592371648364852917718946235
967831524183254697245796183419563872526478319738129465692385741374612958851947236
867351924143829765295746813318472596724695138956138247489513672672984351531267489
783516924654829173192437568835742619276981345941653287528364791417295836369178452
986517324712348965435926187874691253123754698569832741291475836348169572657283419
187635924925784163463192578854269731679341285231857496392516847546978312718423659
364718925295463871817259634672594183539871462148326597953187246426935718781642359
169743825573862914482591376356184792247359681918276543631928457825437169794615238
146793825573842619982561374359186742267354981418279563631928457825437196794615238
169374825732856419458192673891743562647521938325689741976218354514937286283465197
691784325753269841824135967217693458368451279945827613489576132536912784172348596
973846125281735694564921387325468719716359248498172563639287451157694832842513976
687391425194528637523674819856132794349756182712489563438265971265917348971843256
859417326271386945436592817128634759364975281597821463685743192742159638913268574
859417326271386945436592817128634759364759281597821463685943172942175638713268594
718593426642781935539246781263975814497128563851634279984312657176859342325467198
319845726782163549564972183123497865695238471847516392436721958278359614951684237
837195426541627893296384715178256934362479158459831267925743681713968542684512379
931487526874526391625139784396275148512843967487691235759364812148952673263718459
951348726842765391673291485765839142284176539319524678126483957497652813538917264
651489327273651948849372651594837162716295483382164795925743816467518239138926574
934651827816972534527843961152368479698714253473295618249537186381426795765189342
439615827816972534527843961152368479648791253973254618294537186381426795765189342
819536427742891635536247891273485916698123574451769283964312758187954362325678149
864513927352769841197482356239675184786134592541298763675921438428357619913846275
864513927352769841197482356239675184786134592541298763675941238428357619913826475
413967528987352164562148793798213645146589372325674819654891237839726451271435986
391465728856172943742398561174839256928654317563721489635287194217946835489513672
765319428243578961918246537536721849421895376897634152359162784172483695684957213
349715628572846931168932574291573486487621359635489217754268193823194765916357842
417536928239478156685219473192857634374962815856341792728693541561724389943185267
431765928278439651596128473915372846743986512682514397864257139129843765357691284
471356928326849571985172346612485739849763215753291684538624197197538462264917853
538714629129386745647259318862947531453168972791523864384692157216875493975431286
678315429243689571915247638537821946421956387869734152356172894182493765794568213
857416329249738516361259487914625738682371945573894162425187693736942851198563274
364581729829736541157429863273895416598164372641273958982657134435912687716348295
763581429429736851185429763248975316937168542651243987372654198894312675516897234
378561429429837561156429873283945617594176382761283945942758136835612794617394258
378561429429837561156429873243985617895176342761243985982754136534612798617398254
568317429372649815914285376891734652746521983235968147429153768157896234683472591
587461329324795816961823547612958734873142965495637182149586273736219458258374691
475682931361479258892513467713254896624938715958167324539841672286795143147326589
749258631361497582258631974682379145417562398593184267934715826825946713176823459
629854731731692845584713962397125684216487359458936127963541278142378596875269413
256487931714923568983156427172395684435768219698241375521839746367514892849672153
256487931714923685983156427692341578435768219178295364521839746367514892849672153
267849531814523796593167428742351689936478215185296374651932847378614952429785163
267584931415923786983167542794351628536278419128496375641839257372615894859742163
256784931417923568983156427192375684735468219648291375521839746364517892879642153
256784931417923685983156427642391578735468219198275364521839746364517892879642153
256784931417923685983156472628391547735468219194275368541839726362517894879642153
256784931418923675973156428642391587735468219189275364521839746364517892897642153
256897431718423695493156872629341587835769214174285369541938726367512948982674153
267894531418523796593167824749351682836279415125486379651938247374612958982745163
567829431923541768418367925351972846689453217742186593174238659895614372236795184
579624831124783569638591427783416295412935678956872314347168952861259743295347186
476982531528316974913754628691238457735149862284567193162875349857493216349621785
796452831241863957835719624163975248924386175587241396378194562619527483452638719
768542931154963728239817465371254689842396157695781342483175296916428573527639814
894562731156873924237419685371256498928347156645981372483195267719628543562734819
468592731251783694739416285615327948342968517897145326174639852926851473583274169
459678231861243795273915864392861457587324916614597382948152673735486129126739548
892564731765231498413798562328957146971486253654312987137845629249673815586129374
485726931961453782273198564518237649397564218624981375756849123832615497149372856
542876931761539842938124756219468573354297168876351429695712384187643295423985617
249876531683145972517923486421368795975214863368759124196437258734582619852691347
465872931981543627273916584126395478398467152754281369542739816817654293639128745
459728631281436759673195482936251847745689123128347596512873964397564218864912375
267548931983612574145379628614783295598426317372195486721954863856231749439867152
954286731273941865186537924631795482897324516425618397762853149518469273349172658
976245831251873496384619572529381647613457928748926315195764283837592164462138759
978562431214389675356417928831945762649721853527836149192673584463158297785294316
879625431261743895453198627538972164627451389914836752382514976745369218196287543
974826531286153794315497682753612948198534276642789315427961853531278469869345127
769428531281365479543179682915237864674851293328946157836712945197584326452693718
827456931461923587395817624984361752713592846256748319649185273532674198178239465
829456731461723598375819624947361852613582947258947316594178263732694185186235479
927456831461823597385719624698341752713562948254978316549187263832694175176235489
827456931491723586365819724948371652713562849256948317674185293532694178189237465
692874531485123679317569428941358762273416985856297314124735896768941253539682147
567294831413876952298135674759418263186352749324967185632741598971583426845629317
876524931543971286192836475784312569961457328325689714619743852238195647457268193
958642731621738459374951286419376528583214967762589143235897614847165392196423875
924685731671423859385971426457168392293754618168392574519847263832516947746239185
927465831651238947834197625576381294318924756492576318749812563285643179163759482
589276431641893527372541968137962854425318796968457312854129673296734185713685249
925748631761523894384916572842139756536287419197654283653471928219865347478392165
684957231759213648312486975145762893938145726267398154471839562523671489896524317
625974831783251694149368275512749368964835712837126459478593126291687543356412987
628945731749132685315687249197253468283416597456798312964571823532869174871324956
756849231843621795291537684437152968612983547985764312529416873168375429374298156
264859731835761249179423586681935472392147658547286193423518967956372814718694325
946528731817934526325176948463792815189365274572841369731459682658213497294687153
781459632629137485453826179246975813597318246138642957315294768964783521872561394
179865432432179856568243719853914267721658943694327581916582374345796128287431695
695184732713629845428375916349751268572468193861293457254937681186542379937816524
465971832813246759972835641159367428284519376637428915526783194748192563391654287
465971832813246759972835641159763428284519376637428915526387194748192563391654287
861475932247398615935612748392786451754123869618954327576249183183567294429831576
657894132482135976319726584593487261764213859821569347176958423935642718248371695
761892534439165782852374961973681245185423697246957318598746123324519876617238459
769582134425193687831467592984315276672948351153726948546279813297831465318654729
257198634463275189819346572542967813381452796796831425174623958935784261628519347
572986134684123957913457268745839612236541879891672345367295481459318726128764593
275168934136549278498237651821953746743826519569714382954671823382495167617382495
279165834546823917813974562495312678738546291162798453354681729687239145921457386
619852734587943621342671895924765183165384279738129456293418567871536942456297318
519862734647935821382471596924756183156384279738129465293518647871643952465297318
125976834734815629968243715456187293397624581812539476249358167671492358583761942
951287634827634915436159728675328149319546872284791356143962587568473291792815463
216874935983625471754913268569248713837159642142736589621587394495361827378492156
862971435743526981195843672387614259921785364654392817579438126236159748418267593
471926835239185467586734921943618752168257349725493618314872596697541283852369174
268479135495136287317258694623894571854713962971625348182967453736542819549381726
475218936396574821812369745723695184649831572158427693964182357537946218281753469
597124836263598147814736952439281765178653429625479381341962578956847213782315694
795124836263598147814736952439281765158673429627459381341962578976845213582317694
154827936637195428289346751425913687961758243873462195516234879348679512792581364
148572936637894152295631748314267895756189423829453671583746219462915387971328564
275489136843216975916375482537824619198567243624931758781652394452193867369748521
784215936291736548536894721453178269819462357627359184368927415942581673175643892
984215736271936548536478921753189264418762359692354187369827415827541693145693872
419857236826413759357926418931682547685734192742591863173265984268149375594378621
275984136819763254643125798597246381461378925382591467158439672924657813736812549
195724836842365179367198524974283615216549783538671492729416358483957261651832947
184259736936741528752836914475183692261975483893624157347518269529367841618492375
568129437932647851417358962679235184245871693381496725724963518893514276156782349
865124937194673852723985416578349261931267584642518379319456728257891643486732195
685124937941673528273598416596387241712945863438216795127869354859431672364752189
918465237362871945574329861183746592625983714749152683237618459496537128851294376
892145637436297185715386924157629348649873251328514796574931862981462573263758419
416259837572138649398674521749516283123487956865392714237945168681723495954861372
184259637937641528652837914465183792271965483893724165346518279529376841718492356
562179438384526719971438652495817326638245971127963845749651283853792164216384597
569172438428639751317584926932468517854217369176953284241895673693721845785346192
952167438634528719178493625813974256429685173567312894385741962291836547746259381
951674238863925471427183956519437862234861795678259143196548327345712689782396514
512467938398251764467389512741925683256843179839716425975638241623194857184572396
154762938283159467967438215819345672426871359375296184641987523598623741732514896
147652938283419756956378214819734562725861349364295187571986423498523671632147895
519472638683591247274368951146283795857619324392754816725136489468925173931847562
169752438783941526425683917654198372231475689978326145846517293392864751517239864
817562439465379281392148765639784512278651394154923876941237658583416927726895143
861725439359148627472369581914536278783412956625897143536281794147953862298674315
781625439395147826426389571914536287637812954852794163543271698168953742279468315
718526439395147826426389571951634287237815964864792153543271698182963745679458312
461857239975632841832149567594378612386921475127564398619283754243715986758496123
857126439329748516461359287912635748683471925574892163135287694746913852298564371
857126439329748516461359287914635728283471965576892143135287694742963851698514372
874162539561379482329485617987523146436718295152694378243957861698241753715836924
624175839719483652853926417481759263596234781237861945342617598975348126168592374
826175439719463852453928617681759243594236781237841965342617598975384126168592374
628175439719483652453926817841759263596234781237861945382617594975348126164592378
826573941194862375753941826489715632672384519531296487315429768967138254248657193
872539641419786523356124879198345762764298315523617498937861254245973186681452937
987523641412796583356184927139845762764239815528617439873961254245378196691452378
873256941245981367691347852958673214416892573327415689569124738132768495784539126
352986741147352896896471523671849352423567189589123467965734218234618975718295634
352786941149352876876491523691847352427563189583129467765934218234618795918275634
576892341124763958839415276453286719967134582281957463315649827798521634642378195
637825941129364587854971326391487652478652193562193874946238715713549268285716439
765832941429561873183497652291384567576219438348675219957126384814953726632748195
875932641421576983693418752216394578587261439349785216158627394964153827732849165
769352841821749356534168927492513678375684219618927435946271583183495762257836194
368592741254781639719346258645127983132968574897435126473219865926854317581673492
238756941451893762697124358865937124372541689914682573743269815189475236526318497
932856741451973862678124359769538124385241697214697583843762915197485236526319478
829576341361849527547312986213954678984763152675281439152637894736498215498125763
935862741261974853478153296759638124382541967614297385843725619197486532526319478
629783541871564239534912867487291653962345718315876492796158324153427986248639175
893675241574291638216348579438962157921587364765413982142856793359724816687139425
953876241681234579247915683538162794162749358479358162396581427815427936724693815
726893541981574236534612978698241753472365819315987462867159324153428697249736185
278659341394712685156483729715834296623597418489126537831265974967341852542978163
659328741271594368483167952546981273328745619197236485834659127915472836762813594
976832541284615937531479826715286394863941752429753168658327419197564283342198675
675823941241796358938154726152379864493618572867542193716485239389267415524931687
862793541357421869194586237915642783423978615786315492641259378278134956539867124
897632541321457896546819732689374215754126983132598467218965374473281659965743128
982376541573421986164895723318647295457239618296518437641782359739154862825963174
973826541561374829248159637894267315315498762726513498682741953139685274457932186
286537941541982736379614258917358624452176893863429517625743189194865372738291465
398562741526714389741938652869271534153846927472359168687125493934687215215493876
829736541651492738734815962597684213243159876168327459385971624412568397976243185
253769841684351927971428635546197283132586479798243156367812594429675318815934762
758296341639415728124873965315648279972531486486927513597164832241389657863752194
895736241713254896246918357972861435654392718138475629381649572567123984429587163
853726941764391258291548376532164897947285163618973524189457632375612489426839715
356879241741623589289514367962381475138745926574962138615437892893256714427198653
723968541895124763461375928342589176987631254156247839614852397279413685538796412
795236841813954726246817359928761435654398217137425698371649582562183974489572163
725983641861574392439621758214795863378146925596832417657418239182369574943257186
623589741954371628178624539341296857795418362286735194567142983812953476439867215
632598741954371628178624539341286957785419263296735184567143892813952476429867315
825793641961584327437621859214875963389146275576932418658419732192367584743258196
326597841915684237478231965697812354543769182182453796231946578754328619869175423
827593641961784325435621879214875963389146257576932418658419732192367584743258196
153678942927543681648291537586912374279435168431786295792164853814359726365827419
935816742184792653267435981672384519341659827859127436428963175793541268516278394
935716842147892653268435971682374519371659428459128736724963185893541267516287394
679358142541792683283641579836125794957436821124879365392567418715984236468213957
798351642613924578452786931541273896387619425926845317279538164834167259165492783
378961542651274398429853167134798625296345871785612439563129784812437956947586213
126897543347615298895234716718426359954783621632951487569348172483172965271569834
125786943346915278789234615517429386894673521632851497958347162473162859261598734
819625743376489251425731869794512638682394517153867492941258376568973124237146985
827196543946835172153427698264571839598364721731289465375948216682713954419652387
576182943914357862283946751162478539395621487748539216637894125859213674421765398
576182943914357862283946751162874539395621487748539216637498125859213674421765398
271685943953241786684379152769452831142938567835167429327514698516893274498726315
592817643168243579347596812489625731631974258725381496276159384814732965953468127
915826743284793651367415982673284519142659837859137426438961275791542368526378194
915726843247893651368415972683274519172659438459138726734961285891542367526387194
186527943534981762972643815469372581213895476758416239697154328325768194841239657
175826943843951672962743815457619238396482751218537469589164327631278594724395186
298761345674853921153492678345627819721938564869514732486279153917345286532186497
862379145741265839539148627196437258428951763375682491254813976617594382983726514
962387145841265937537149628176438259429651873385792461254913786618574392793826514
912385746385674912764921835158293467629547381473816529831769254247158693596432178
978312546436589712521746938749865321265193874183427695654931287892674153317258469
897312546436587912521946738749865321365129874182473695654731289278694153913258467
978312546436859712521746938749568321265193874183427695654931287892674153317285469
897312546436857912521946738749568321365129874182473695654731289278694153913285467
712539846695824731438671925167452389984316572523798614851267493349185267276943158
387129546524876391961345827258461739649237158173958462836794215415682973792513684
893127546524936781761845923259461837647283159138759462986374215415692378372518694
138725946954613827726849315295468731817532469643197258569374182371286594482951673
529871346138469527476352981695138274784925613213746895961584732342697158857213469
519782346736514829482936517941673258678245193253891764164358972327169485895427631
658921347914753826237846951192478635865132479743695218579364182386217594421589763
965182347312574869478396512789423651623915478154867293896241735541738926237659184
127693548658214973439785612873942165541867329962531487284356791715429836396178254
316287549274159863895634712451973628739826451682541397523498176967315284148762935
128753649769214583435896712983642175541978326672531498294367851816425937357189264
763294851195836427428715963346572189251389674987641532579128346812463795634957218
843796251951283674726145983697514328185327496432968517319472865578639142264851739
236879451548213796971465823153784962694321578827596314312947685765138249489652137
978642351546317298213598467721465983639821745854739126482153679365974812197286534
374926851821357694695841237563419782719682345248573169156798423432165978987234516
968472351157398264243165978896251743725934186314687592631749825489523617572816439
968472351157398246243165978894251763325687194716934582631749825489523617572816439
863472951157389264249165837986251743725834196314697582691748325478523619532916478
863472951157389246249165837984251763325697184716834592691748325478523619532916478
624389751571462893893175624235697418769814532148523976487931265916258347352746189
624893751571462893893175624235687419769314582148529376487931265316258947952746138
276839451549712863831465927957684132184327596623591784392178645765943218418256379
864793251129568734753241869645987312937125486218634597471856923382419675596372148
897236451425871936613459782938145627541627893276398145169582374754963218382714569
467829351821435967359176842618394275594782136273561498945618723132957684786243519
769432851521698473843157962956321784437986125182574396374865219698213547215749638
693824751725631498814579326176983245348752169259146873581467932462398517937215684
897263451431875296625149783976451832183792645254638179542986317719324568368517924
876429351543816792219375684185237946364591827792648513621983475438752169957164238
739248651641735289825169374498513726517426938362987415953671842174892563286354197
937628451641795328852143697295384716763251984418967532189436275374512869526879143
376824951248915736951367482187452693539678214462193578714289365625731849893546127
273648951465917328189235467938576214721489536546123879314792685692851743857364192
273648951465917328189235467938576214712489536546123879324791685691852743857364192
289736451765421839413958672837145926541692783692387145128579364954863217376214598
932468751467125389158793624691574832825631947743289516384916275216857493579342168
438769251761425839952138746217384695584976123693512487845697312126853974379241568
479863251861425937352179846218394675594786123637512498945638712126957384783241569
369784251174235869852196437287561943435972618916843572593427186721658394648319725
692438751187259463543176982935762814726814539814593627461925378378641295259387146
496378251281495376735126984628531749517942638943867125852719463164283597379654812
723648951891735246456912837175493628382561794649827513918274365564389172237156489
376249851491758263825163497657481932149532678238697145582976314763814529914325786
483697251271835496569214783148379625356428179927156348734581962615942837892763514
467298351281365497593714862149683725356472189728159643834521976615947238972836514
936472851275681943148935726317246598594718632862359417483527169621894375759163284
463729851285641739197835462371256984946387215528194673732918546614572398859463127
436729851285641739197835462371256984942387615568194273723918546614572398859463127
739624851265871943481539726912457638346198275578362419857943162694215387123786594
439782651267514938158639274395471826642853719871296345916325487583947162724168593
468973251375126489129845763942618537537294618816357942651782394794531826283469175
687329451395741628241856739856172943973684512124935876718593264469217385532468197
637429851485731692129865473256174938391582746748396125572648319963217584814953267
793468251465271398281953674937816425658742139124539867349125786516387942872694513
329748651465231798781569342193456287256387914874192563942875136618923475537614829
739624851465871923281539746912457638346198275578362419857943162694215387123786594
732496851465218397189537246824951673571623984396874125953762418218345769647189532
843972651625813479197645238712594863356287914489361527561439782938726145274158396
237846951641935287985712463376584192812693574594271638169327845728459316453168729
329768451645231798781549362193456287254387916876192543962875134418923675537614829
892463751756291834143875962924658317537912648681734295319527486268149573475386129
423678951791245386865193472654912837912837564378564219289751643537426198146389725
726398451845127936391456728917642583684935217253871694432719865169584372578263149
467892351859173624312654987143285769678419532925367148786521493231946875594738216
467892351859173642312456987143285769928617534675349128786521493231964875594738216
962743851814295736753186924645972318378451692291638547486319275537824169129567483
623987451875241963491536278718495632562173849934628517189764325256319784347852196
632784951895321674174695238526917843381542796749836125967153482258469317413278569
967284351821735649354691278473912586192856437685473192716548923249367815538129764
692783451843915672175264938259437186316859724784621395921576843567348219438192567
324679851965281473187534692451368927792415386836927514248196735519743268673852149
968341752235786941147529368813652497579134826624897513496273185781465239352918674
768341952259786341134529768813652479597134826642978513476293185981465237325817694
419867352623459187578213964831745629754926813962381475296174538385692741147538296
419867352625413987378259164831745629754926813962381475296174538583692741147538296
413867952629453187578219364831745629754926813962381475296174538385692741147538296
167489352425361879389725614874256193651973428293148567718694235946532781532817946
148276953629538714375491862894615327751382496236947185583729641412863579967154238
467182953132459876985637142596248731278513469341976528713864295824395617659721384
742186953168539472359472816435291687897365241621847395586724139913658724274913568
824196753639725184175384926746839512251647839398512467987253641563471298412968375
469128753753694812281573946524761398938452167176389524817946235695237481342815679
294178653837562194516394278745231869968745312123986547672453981389617425451829736
378192654254863197916475283195346728847251936623789541582637419469518372731924865
867391254419725683253684917742956831935812746186473529628147395394568172571239468
369781254418925637257634819942856371835417926176392548623148795794563182581279463
139867254674352819258491637415936728382745961796218543923674185841529376567183492
693812754178354629452697813589726341741935268236481597327169485815243976964578132
187293654294675813536814927468159732375462198921738546713946285859327461642581379
162837954354921768897654312583716249429583671716249583278195436641372895935468127
298137654316854927457692318841723569739568142562941783925476831683219475174385296
682793154741625983539814672864259731915437826327186549173948265258361497496572318
213867954759134628468259137597483216381672549624915783932546871175398462846721395
267931854958764231431528967376152489814697325592483716629345178143876592785219643
917243856653871294482695731148362579376589412295714368839456127564127983721938645
194832756783516249562947831459273618378691524216458973641729385937185462825364197
314296857795843612682175943429317568863529471157468329946782135571934286238651794
912436857436785912875921346361294578729658431584317629143879265258163794697542183
731462859592138476486597231349671528658329714217845693825916347163754982974283165
283174659741695283596328714359261478128743596674589132867912345932457861415836927
872359461165427938943816572784965213659132847321784659516293784237548196498671325
293854761867213954541796832935168427486972315172435698619547283324681579758329146
372549861146328597589716423238465719657891342914273658721684935495137286863952174
584237961129465783376981425963128547412576839857349612741892356635714298298653174
857293461219764538364185279598431726642879153173652894425916387981327645736548912
957283461218764539364195278549831726682947153173652984825416397791328645436579812
897234561356891274421657839945316782168572943273489615534968127619723458782145396
859273461217964538364185297598431726642897153173652849925716384481329675736548912
854273961267914538319685274598736412172849653643152897725461389986327145431598726
854273961217964538369185274598731426672849153143652897725416389981327645436598712
749385261865712934321694857276431589154869372983257146632978415418526793597143628
485239761629817345371654289814923576936175824752486193598761432167342958243598617
583472961426519873719638425192364758354187296867925134948256317671893542235741689
248537961931264578765189432126953847894721356573648129419376285682495713357812694
472539861931486257856172934694321785125748693387965142263814579548297316719653428
758432961643951728219867354176243589832195647594786132381674295467529813925318476
387924561549316827261578493198462735635789214472153689814295376756831942923647158
387924561549316827261578493198462735653789214472153689814295376736841952925637148
872345961543691782916827543425918376689273154137456298754162839268739415391584627
273584961851926473964317825748163259632495187519278346126749538485631792397852614
347289561851736492962514873714368259635492187298157346126945738483671925579823614
394725861856931274712864935681542793235697148479318526923186457167459382548273619
423875961856291743917364285285913674379486512641527839164759328792138456538642197
347582961159736428268419573592871346471653892683924157914367285735248619826195734
953482761172965834468731592316597248285143679794826153831654927629378415547219386
328957461976143258415628937182396574769485312543712689231869745694571823857234196
895372461476581329213649578932467185758193246164825793621954837387216954549738612
524398761371562489968417352643951278795284136182673945239846517857139624416725893
249375861671824539538196274187649325392517486456283197925731648814962753763458912
538247961271936584694815732159378246463592178827164359785621493316459827942783615
839457261215936874476218935327841659594623718168795342981364527652179483743582196
937482561246315897158697432375168924629743185814259376562931748491876253783524619
759324861246581379813697452481256793537819624962473185198745236624938517375162948
759324861246581379813697452481256793537819624962473185198745236324968517675132948
574329861286751349139846572413267985957483216628195734342918657761532498895674123
547329861286751349139846572413267985952483716678195234324918657761532498895674123
948327561256891347371645982195462873763189425824753196587936214412578639639214758
952843761374126958168795432217564893436289517895317624541672389689431275723958146
457298361326751849198436275712684593685329417934175628873962154561847932249513786
482753961361892754795146283579368412238914675146275839913627548624581397857439126
289374561351869724476152983124593876738621495965748132513986247692417358847235619
238459761476813925195726834813694572629571348547238196384965217962187453751342689
238794561459631278167528934726319485945876123813452697591287346384965712672143859
792483561413576928658291347375648219981725634246139875137952486869314752524867193
857423961419876523623915874361547289982631745574289136245168397796352418138794652
723548961481296375956137824867415239314972658592683417279861543638754192145329786
598374261412865793637291854381957426745632189269148537876513942153429678924786315
789354261453261897621897534318975426574632189296148753867513942135429678942786315
759842361482361759613975248197528436825634197364719582531286974276493815948157623
243589761516327849978164325861493257732658914495271683157836492384912576629745138
923458761785621349146793528862534917314879256597216483659147832238965174471382695
943275861721468395856193274195726438374589612682314957239851746417632589568947123
729845361841367295365921478532178946174659832698234517486513729917482653253796184
724895361895361742613472589187529436452638197369714258531286974276943815948157623
724985361895361742613472589187529436452638197369714258531296874276843915948157623
732895461914236578685471329471568932268349715593712684326154897157983246849627153
314578962825369471679421853947285136162937548583614729431856297756192384298743615
817952463965134872243687915452379186386415297179826354634798521591263748728541639
547182963132569874986347152693258741278614539451973628714835296825496317369721485
784259163126843579935761824347986215251374698698512437573628941469135782812497356
784259163126843579935761824347986215251374698698512437873625941469138752512497386
157248963863591724924736815695327481412865397378914256231679548549183672786452139
712539864695824731438671925164752389987316542523498617851267493349185276276943158
598123764317864925462795318841352679259678143673941582926437851785219436134586297
182753964546981327973264518694315782317892645825476193768549231431627859259138476
123498765694357281857612934362845179589173642741269853276531498915784326438926517
731429865965718342248536971412953687689174253357682194893245716576391428124867539
387124965149865372652937481216579843835246719794318526968751234473692158521483697
728349165945261738316578429671985243853724691492613587269857314137496852584132976
592431867743968215816275934631594782258716493974382156369847521127659348485123679
215438967864279153397156842529867314481523796736941528172394685943685271658712439
529143768638972514147586329872369451354218697961457283796835142213694875485721936
529413768638972514417586329872369451351248697964157283796835142243691875185724936
921345768638792415745186923812967354374258691569413287486539172253671849197824536
942315768173846925856729431264531879397482156518697243489263517731954682625178394
714523968356798142298614753142367589673859421589142637961235874825471396437986215
219543768357869142864712953142378596783956421596124837971235684625481379438697215
174352968965718342832496571241987653789635124653241897497863215316524789528179436
834251769271693845956874312198547236345126987627389451519432678482765193763918524
124853769895746123376219584947362851218597436653184972761438295432975618589621347
934682571178543269625971834863795142251438697749126385387214956416359728592867413
529643871871952436643187925296718543718435692354269718462571389135894267987326154
682435971174298536359617824521769483846351297793824165937542618265183749418976352
825436971731529468469718352956273184387941526214865793543687219198352647672194835
856942371391587642427613958749231865263458719518769423975326184132874596684195237
856293471279614538314785269598437612142869753763152894425971386987326145631548927
956283471278614539314795268549837612182946753763152984825471396697328145431569827
389652471457891263126347985845726319273189654961534827614273598798465132532918746
859263471276914538314785296598437612142896753763152849925671384487329165631548927
568342971972516384413789625781965432635428719249173856156897243824631597397254168
938564271615927843247138569194352786573689412826471395761243958389715624452896137
249653871586791243731428956162347598497865312358912764673584129824179635915236487
498362571621475389537189426783954612216837954954216738875691243362548197149723865
498325671521476389637189425783954216214637958965812734876291543342568197159743862
659342871827619345431758926192473568364581297578926134915267483783194652246835719
349526871521897643876413529718369254465281397932745186654178932187932465293654718
295368471731924685864517923318476259652193748947285316126849537473651892589732164
536428971749351826812679435973145682681932547254867193127594368465783219398216754
326495871857213694941786253438972516275168439619354782592841367763529148184637925
682534971357918426914627358568249137243176895179385642836792514421853769795461283
839264571754981362216537489648193725321675894597428136985716243172349658463852917
346582971759631482218479536592867314487153269163924758974316825635248197821795643
845962371163745298279381456781459632432176985596238714957824163614593827328617549
283654971967821453514937826758269314436518297192473568379145682821396745645782139
283654971961827453574931826758269314436518297192473568319745682827396145645182739
285643971769521834314789625851974263923168457476352189692437518138295746547816392
283654971567931428914827563758269314436518297192473856379145682821396745645782139
283654971561937428974821563758269314436518297192473856319745682827396145645182739
283469571169357482574182396318246759647915823925873614736521948452698137891734265
589264371764513829312789465975142638431658297826937154693871542147325986258496713
643589271281347965975261438497823516352614897168795324526978143734152689819436752
496238571582417963371569248163972854759841632824653719915386427247195386638724195
246593871397841562815726493429357618731468259658912734964185327583279146172634985
456283971279451368138769254761324895325918647894675123582197436947836512613542789
395468271247319586861752493912587634534296718786134952428971365159623847673845129
568342971291687534347195862923516487684739215175428396752863149439271658816954723
894526371257913486163748529429671835371485962586392714648139257712854693935267148
425693871367218459189745632758961324216534987934872165671329548593487216842156793
925836471341297658786451932139678245278945316654312789412789563597163824863524197
465239871397581246281764953149328567532617489678495132954176328826953714713842695
845269371327581496619437285953872164782614953461953728574126839298345617136798542
256493871317826495489715263875341926124689357963572184631958742548237619792164538
253498671491637285876215934925763148187549326634821597749152863318976452562384719
538426971472981563169357284946172358827635149315894726281743695654219837793568412
895326471431579682627184593158637924273945816946218735762853149389461257514792368
859246371427931568316587294168329457975164823234758916693872145782415639541693782
462539871578621493193847526947216385385794612216385749631978254724153968859462137
463825971512937486798641253657319842239468715184752639925184367341276598876593124
294865371561473829378129645427396518913758462856241793189634257632517984745982136
942658371586173294731924658457281936329746815168395742214839567895467123673512489
849635271675241839132987546987513462564728913213496785321854697456379128798162354
429365871617248359853719426576831942394627518281954763932476185148592637765183294
234869571651273849987145263498657312715932486362418795576381924123794658849526137
258396471697541328143728596512684739384957612976132854769413285831265947425879163
854963271671524839239187456345216798198375624762849513427691385983452167516738942
845269371627531489319487256953872164782614935461953728574126893298345617136798542
625398471841726953397415682976542138584931267213867594432679815759184326168253749
235864971841937265769512483673245198458196327192378546324781659517629834986453712
346958271821347569795612348574286193139475826682193457258761934417539682963824715
243865971851947263796312584674253198182496357539178426425781639317629845968534712
253684971891327645467159283674938512389512764125476839942763158536891427718245396
456239871918745362327168549694873125831526497275914683742651938569387214183492756
824963571936571842715482693198625437462739158573814269651297384287346915349158726
159634872237851496864927351593762184721348965486519237315296748972485613648173529
581934672796825134432761958174582369965473821823196745648217593359648217217359486
546138972819274365723965841638729514952481736471356298294513687387642159165897423
536918472487562913912734685261897354874325196395641728743259861629183547158476239
569318472387542916412769385234897651175634829698251734743925168926183547851476293
639418572587629431214735986426897315175346829398251764753962148942183657861574293
149862573236517489587349612473158926625973148891624735354786291718295364962431857
815263974392847561467195823178532496623984715954716238541329687286471359739658142
538126974917834652246579381389417526721695843465283719853942167192768435674351298
538126974917438652246579381389714526721695843465283719853942167192867435674351298
862931574157486392349725618418659237673248951925173486286597143791364825534812769
165823974247951386893647521926184735571239648438765192654392817312578469789416253
163958274597124836482637159814379562625841793739562418378295641951486327246713985
846912375327586491159743628518639247674258913932174586283467159791325864465891732
198243675457861923236957418942135786583726149671489352725394861819672534364518297
198243675457861923236957418642135789583729146971486352725394861819672534364518297
198243675457861923236957418943125786582736149671489352725394861819672534364518297
198243675457861923236957418643125789582739146971486352725394861819672534364518297
831942675627583419459761328518639247374258961962174583283497156746315892195826734
213548976865279143497136852329867415581324697746951328132695784954783261678412539
813452976467918253952637184328174695675293418194865327286741539739526841541389762
931654278546287391728931645167492853483715926259368417375849162692173584814526739
194256378578391624326847915419573286652918743837624159763482591285169437941735862
432165978681379254597842613258436791769581342143927586374698125916254837825713469
621543879739182645548697321982371564364259718175468293497836152253714986816925437
621534879739182645548697321982371564463259718175468293397846152254713986816925437
354726981126598734789134265478253619932861547615479328867912453543687192291345876
425736981136298745789145263578324619942861357613579428867912534354687192291453876
926735481158469327437218659562381794814957236793624815389176542271543968645892173
427953681158642973369718524684125739235897416791364852576431298912586347843279165
354672981921834756678519432485961327792453168136287594519728643867345219243196875
476532981921846537835719462789451623364297158152683794648375219517928346293164875
593427681421368957786159423169835742347291568852674139914583276278946315635712894
637542981125398647948176532359617428871254396264839715783461259592783164416925873
364572981921386547758149623845963712679218354213754896487691235592437168136825479
547326981821549376639187425492631758718495263365872194984263517173958642256714839
659372481721684395438159672893745216216938547547216839984561723362497158175823964
367492581521786493984153627716934258892567134435821769643218975158679342279345816
379526481425781693618493572194368257786245319532179846853617924941832765267954138
349526781628791543715483692197368254486275319532149876853614927971832465264957138
697352481821764359534189672368975214712438965459216837985621743276543198143897526
769342581421785396538169724893256417217438659654917832985671243372594168146823975
496732581837165924215849763528374619169528437743691258981456372672913845354287196
496732581837165924215849763528374619961528437743691258189456372672913845354287196
276543981931826547845719236789351624463297158152684793628475319517938462394162875
672543981931826547845719236789351624423697158156284793268475319517938462394162875
259437681431286579786159432128563947945721368673894125512348796894675213367912854
257439681431286579986157432128563947745921368693874125512348796874695213369712854
249735681631248759578169423984651237123487596756392148415873962392516874867924315
425736981938541726761829354184957632296384517357612498643198275512473869879265143
425936781738541926961827354184759632296384517357612498643198275512473869879265143
426735981938641725715829364584967132291384657367152498143598276652473819879216543
426937581538641729917825364784369152259184637361752498143598276692473815875216943
637542981145398672928176543359617428871254396264839715783461259592783164416925837
346572981859631427217489536592768314468123759173954862984316275635247198721895643
275643981869521734314879625157984263923167458486352179692438517731295846548716392
947236581861547293325189647514928376278365419693714825489651732752493168136872954
425736981869514237713298465294687513538149726176352894647921358951873642382465179
752364981461798352983251467847925613216483579539176824694512738328647195175839246
546297381871653924329184657495318276238746519617925843984531762752469138163872495
546297381871653249329184675415728963238946517967315824684531792752469138193872456
962453781184967523357128469216834957843579612795216834638791245571642398429385176
537692481892145367614378259178459632423816975965237148251764893786923514349581726
735692481892145367614378259178459632423816975569237148251764893986523714347981526
673594281291378456485261739768943512342615978159827364526789143834152697917436825
945723681132468975678951234219534768486172359357896412721389546893645127564217893
476395281285761493193248567348519726657824319912637845531982674864173952729456138
476523981285961437193784562952438176631275849847196325724319658369857214518642793
947523681283461597156879342569238714312947856478615923725196438694382175831754269
574623981219548367836197524927486135481359672653271849348912756165734298792865413
574623981286591347139847526927416853418359672653278194341982765865734219792165438
567329481291648573834571962689712354175463298342895617458136729913257846726984135
467529381283761594159843627594238716612974853378615942725196438936482175841357269
467529381283761594159843627594238716612974853378615942725196438946382175831457269
947523681286791543153846927569238714312974856478615392725169438694382175831457269
697423581215798346843561927931287654476915832528634719764352198389146275152879463
375469281248713596961852473712598634534276819896134752427981365153627948689345127
769532481238164597541789623984621375625397814173845962416973258397258146852416739
793456281258193467461782359982531674574269813136874592315627948627948135849315726
429653781367821495185749632948312576573468219216975843691287354732594168854136927
927365481346281795158974623281437569769518342435629178573896214814752936692143857
456237981321698754897451236682174593175329468934865127763512849518946372249783615
795236481368149257241758963519674328873921546624583179932865714187492635456317892
257946381468312975319857246196734528743528169825691437982173654631485792574269813
257946381468312975319857246196473528743528169825691734982134657631785492574269813
257946381468321975319857246196734528743582169825619437982173654531468792674295813
257946381468321975319857246196473528743582169825619734982134657531768492674295813
259467381478321695361859274617934528934582167825716943742193856593678412186245739
259467381471328695368159274687934512934512867125786943742893156593671428816245739
694273581512489637873165294459328176761954328328716459985631742246597813137842965
432695781678312495159748623521879364864153972793426158385964217947281536216537849
253496781691738245748215936925873164186549327437621598869152473314987652572364819
732569481659841732148237965471623859396785124825194673264958317513476298987312546
473256981621978435895314672569831247742695813318427569236189754154762398987543126
473256981621978435895314672169835247752649813348127596236481759514792368987563124
724956381638214957951837426412689735563471298879523614196348572247195863385762149
243965781678421539591783264912376845485192376367548192824617953139854627756239418
259367481678541329143829567512794836394658712786132954867413295931275648425986173
253769481697184235841325769568291347432857916179436852315942678724618593986573124
435962781716358429829147653641283975983675142572491368397524816268719534154836297
536742981789361542142958376423597168691483725875126439358214697967835214214679853
395467281781239564246185397927518436158643729634972815862751943473896152519324678
253674981798321645461859273614937528379582164825416739942163857536798412187245396
346975281782431596159268437471826359925713864863594172614357928237189645598642713
956274381728631549314598267463982175892715436571463892685147923249356718137829654
469327581738615942521849376342981657817456293956732814193564728674298135285173469
243597681961428537758613249582369174417852396396741825124986753835174962679235418
513694782247831596869752413185426937492378165376519248621985374934267851758143629
513674982249831567876952413185427639792368145364519278621785394937246851458193726
976531482235468917418729635194352876763184529852697143621943758349875261587216394
637941582548672913912835764276198345485326197391754826853269471729413658164587239
941735682582196473736482591619548327453927816827361945274853169195674238368219754
164795382597328146238146795316472958472589631859613274743861529981257463625934817
134796582657428193298153746413572968572689431869314275745831629981267354326945817
124675983835914267679283514416329875793568421582741396947836152368152749251497638
914765283826439517375128946768254139431897652592316874283671495649583721157942368
579426183426183795381975642937614258812537964654892317768341529143259876295768431
679421583425783691381956742937614258856237914214895367768349125543162879192578436
517246983642398751983517264375821496461739528298654317859463172136972845724185639
125796483483521769679438512542367198731984625968152347894675231317249856256813974
746295183513486297892137645369524718187369452254718369438652971625971834971843526
612947583958123674374865921136259748527481396849376152265738419493512867781694235
391762584685194723274853961729648135438915672156327849563471298942586317817239456
931762584728514936654839721465397218397128645812645379589271463176453892243986157
197625384358417296642389751715834629836291547429756813573942168961578432284163975
265317984187694235493258716872946153639125478514873692748569321326781549951432867
715639284692418735834527961528394176469871352173256849987145623241763598356982417
961237584758496321342851679419625738683749215527183496296578143875314962134962857
763129485254378691891654237148965723579432168632817954386241579427593816915786342
913267485284935761576184932347812659158649327692753814735426198869571243421398576
931246785768593412452871369519732648384659271627184593293468157876315924145927836
957412386328697514164853729619734258785269143432185697293578461841326975576941832
913524687764318295825679431148967523579432168632851974386245719251793846497186352
953124687764358291821679435148967523579432168632815974386241759215793846497586312
452783691978126453613495872537618249124937568869254137741362985395841726286579314
563824791982137564714596238648712359235968147179345682851473926496251873327689415
785634291132985647649712583257861439416593872398427165821349756974156328563278914
456728391829431756317965842591384267784692135263157489148579623932816574675243918
754328691821796354639154728983467512516239487472815936295671843368542179147983265
426837591539641827817925364794368152251794638368152479143579286672483915985216743
538762491962145378714389256189457632423916785675238149251874963897623514346591827
835762491962145378714389256189457632423916785576238149251874963697523814348691527
753642891861975432294813576945231768638794215127586943379158624482367159516429387
753246891861975423294318576945831762627594318138627945379152684482763159516489237
426738591973521486518694372695387124841256937732149865357912648289465713164873259
864753291271986543395214687956341872728695314143827956489162735532478169617539428
237568491689147235415293687364729518871354962952816743126485379593671824748932156
256438791781259463349176582935762814627814935418593627164925378873641259592387146
263548791781692534945137682394781265528463179176925348639254817857319426412876953
263548791781692534945137628394761285526483179178925346639254817857319462412876953
853274691294651873176389452531796248742835169968142735389417526425968317617523984
684325791295471368137968542468517923729643185513289674341792856956834217872156439
486352791219687345735194862943218657562739184871546239698421573324875916157963428
587342691239816475614957328345291786971468253826735914152674839763589142498123567
476825391321947865589613742837259614695174283142368957218436579763591428954782136
425367891368219457197485326651938274872546139934721685783694512249153768516872943
687435291495271683123869547756384129831792456942156378319527864568943712274618935
678435291495271683123869547756384129831792456942156378319528764567943812284617935
538674291461392578927158634685219347219743856743865912894527163152436789376981425
258746391479321685361958247716834529843592176925617438692183754537469812184275963
258746391471329685369158247796834512843512976125697438612983754537461829984275163
487536291531289467269417358354721689816395742792864135648152973173948526925673814
728654391549231876361978452683719245495382617172546938234167589816495723957823164
834256791651397248279148365492783516165429873783615924947531682318962457526874139
584326791613795824297148365759832416428619573361457982936581247142973658875264139
572348691639712485814956372345291768981467253726835914157624839263589147498173526
527348691639712485814956327345291768981467253276835914152674839763589142498123576
427368591613549872589271463895136247164792358732854916341625789978413625256987134
742365891631879524958241736419586273386927415527134689295618347864793152173452968
742365891639871524518249736451986273386527419927134685295618347864793152173452968
742365891639871524158249736491586273386927415527134689215698347864713952973452168
324867591769154832851239746496512387135978624278346915682495173917623458543781269
365842791789136452214597683658714239142963578937285164521378946493651827876429315
365842791789136452214597683658714239147923568923685174531278946496351827872469315
538267491726419538149538627473651982261984375985372146697845213854123769312796854
238675491796421583154389276367514829829736154415298637673152948942863715581947362
834567291715429863296138547568291734327684915149375628681953472452716389973842156
358462791791835462264197358847519236129643587635278914982751643473986125516324879
385462791741895362296137584827519436159643827634278915968751243473926158512384679
385467291791832564246195387827519436159643728634278915962751843473986152518324679
358462791791835426264197358842519637179643582635278914986751243423986175517324869
582347691739816425614952387345291876971468253826735914158624739263579148497183562
632785491894231576175469328469517832217348659583692147321956784956874213748123965
375468291891237564246195378728519436159643782634872915962751843483926157517384629
257486391819327645364951287476138529183592764925674813642713958531869472798245136
357468291841792356269135487724519638198643572635827914976251843483976125512384769
864315792312479685795286341936157428127864953548923167471592836289631574653748219
834167592769254813152389746496523187285971634371846925613495278927638451548712369
125786493936514287784293615617325948843679521592841376458937162379162854261458739
257468193489135276316297584523784961794613852861529347172856439635942718948371625
753621894869435271124879365298314657316758429475296183932167548647583912581942736
861573294435296718729841563674935821213687945598124637142759386956318472387462159
513278496294536871687194532358912764169745328742863915836427159975681243421359687
413826597869357124572149683187263945946578312325914768654781239738692451291435876
265831497397452816841769523623598174459617382718324965572983641934176258186245739
524968137176354289983217456735189624241673598869542713698725341412836975357491862
356249187879561324241783596135427968962318745487695213724136859693852471518974632
359286174871594362246731598135427986962318745487659213724163859693875421518942637
356249187789561342241873569135482976962317854478695213824136795693758421517924638
359276148781594326246831579135482967962317854478659213824163795693725481517948632
976534182821679345435281769362815974784396251519742836198463527247958613653127498
396745182827391546415628379958462731263157894174839625649573218782916453531284967
768594132924361587315728496592436871687159324143872965859247613476913258231685749
483756192527391684916428573869532741234167859175849326398674215752913468641285937
397865142528341697416729358965472831273158469184936725759683214642517983831294576
894765132527341698316829457965432781278156349143987526459678213682513974731294865
439876152628351794517429368976532841254168973183947526365784219792613485841295637
895476132426351798317829546964537281278164359153982467549718623782643915631295874
498536172735182496126749583582467931374915628619823745857391264241678359963254817
867394152145782963329516748278461539691835274453927816532148697784659321916273485
947568132285314697613927548324695781891742356576183924162839475459271863738456219
597863142412759638683412975965174283831526794274398516758231469329647851146985327
368549172547612839291783465623891754789435216415267398954178623136924587872356941
584763192712958634693412875865179243431526789279384516957231468328647951146895327
594863172712459638683712945965174283431528796278396514857231469329647851146985327
934875162786421395125936874371258649458769213269314758512693487647582931893147526
586793142912458637473612895845169273631527984297384516759231468328946751164875329
584963172912758634673412895865179243431526789297384516759231468328647951146895327
294857163138496527675231948946325871352178694781649235819763452467582319523914786
956248173724391865831576492693425781217863549485917236362184957178659324549732618
796852143523419687418673952275386419684791235139524876957248361341967528862135794
472856193583921764916734582631478925249563871857192436128349657764285319395617248
579462183813957624642813795765129348931584276284376519358291467427638951196745832
946578123871632945253149768397426581614385279582791634128963457735214896469857312
574962183913857624682413795765128349231549876498376512359281467827634951146795238
584762193913458726672913845865129374231547689497386512359271468728634951146895237
835267194427913658196854372563748921281695743974132586648571239712389465359426817
857962134942315867613748952391876245284531796765294381536129478429687513178453629
563279184724861359198354276287436915935187462641925837316542798872693541459718623
538762194297481365146953782985216473324597618761834529873649251619325847452178936
752638194941752863386491752463917285298546371175823946519384627827165439634279518
832756194914832675576491832465978213293614587187523946651349728328167459749285361
967385124285941763314627598649752381871493256532168947798534612126879435453216879
635872194782149356194563782469735821328691547517428963241957638856314279973286415
593628174846571329127943658765289413289134765431765982312897546978456231654312897
593726184846195327127843659765289413289431765431567892312978546978654231654312978
284693175196758432735241968927534681453186297861927543518479326342865719679312854
894736125752194683631825794183659472267348519945271368576482931418963257329517846
693748125542631978178952364351826497429573816867419253716394582935287641284165739
372986145564173892981542367157398624493625781628714953749851236216439578835267419
896243175731895624425176398357912846268457931914638752172589463589364217643721589
742693185936815742815742693128937456597426318364158279671389524459261837283574961
637429185258617394194835627729361458413598762865742931341256879576984213982173546
863427195251893647749165382498271563125634879376958214587319426634782951912546738
462397185351846297798251463136485729945672318287913546629734851574168932813529674
867923145392154678145768392584276931713549286926381754451637829279815463638492517
674932185832157694195648372589476231246381957713529468451863729967215843328794516
736942185892153467145678392578426931429731658613589274351864729967215843284397516
736982145892154367145673892574836921329741658618529473451268739967315284283497516
736982145892154367145673892573846921429731658618529473251468739967315284384297516
736982145892154367145673892574826931329741658618539274451368729967215483283497516
285394176196725348374816295859162437712483569463579821527941683941638752638257914
837954126924716583156382479315867294278149635649523718763295841491678352582431967
753849126621375498849216573597462831216538947438197265365921784172684359984753612
753894126621375498984216573578462931216539847439187265365921784197648352842753619
752894136631275498489316572578469321916532847243187965365921784197648253824753619
752849136631275498984316572578463921316592847249187365465921783197638254823754619
587329146243761895916548372871632459659814237432975618768453921325196784194287563
598327146243861975716549382871632459659714238432958617967483521325176894184295763
854739126216485793793261845328946571965317284147852369671598432489123657532674918
847923156392165478156784392685247931429831765713659284561372849978416523234598617
847953126392164578156782493684527931529831764713649285261375849978416352435298617
587934126396125874124786593439618257875342619612579348258467931941853762763291485
837924156492165378156783492684257931529831764713649285361572849978416523245398617
837954126492163578156782493684527931529831764713649285261375849978416352345298617
837954126492163578156782493684527931529831764713649285361275849978416352245398617
354682197629571384871943625547396812196827543283154976468239751715468239932715468
345682197629471385871953624287345916196827453453196872568239741714568239932714568
295364187417825369386917245954172638862493571173586924528641793641739852739258416
325498167964571382187632459871354926653729841249816573412965738798243615536187294
329654187156879342847231569285743691473196258961528734514387926792465813638912475
489625137136879452257341869823754691574196283961238745315487926798562314642913578
439625187126879453857341269283754691574196832961238745315487926798562314642913578
652384197178962345349571682921647853735819264486253719897436521514728936263195478
495862137826731495317954682569347821782619543134528976641293758258476319973185264
569328147324671895817594632138947256672153489945286713486739521753412968291865374
863259147741386529952417683628975431417632958539148276376521894185794362294863715
863259147741386529925417683682975431417632958539148276376521894158794362294863715
358649127694127385217538694963481572721953468845762913576294831432816759189375246
953648127416297853782315649275139486134876592698524371567983214829461735341752968
825943167467218593139756284298364751371529846546187932612495378983672415754831629
965824137834971265127563498619248753352197846748635912571486329493752681286319574
542863197987125643136479852269731584451286739873954216725348961398617425614592378
354672198629518374718943625541396782896721543273854916467239851185467239932185467
345672198629418375718953624271345986896721453453896712567239841184567239932184567
537926148819437562264581397143798625975612834628345719791864253486253971352179486
469725138137689452258341679326854791584197263971263845615438927892576314743912586
435927168918635742267481395541398627689712534723546819196874253854263971372159486
463297158789451623125368794651739842937824516248516937372185469816943275594672381
293547168648291753517638492821475639736912584459863217162384975985726341374159826
493657128258491763617238594821576439734912685569843217142385976986724351375169842
439572168278316459651849237912754683847163925563928714195237846386491572724685391
946352178231786954875194362583467291169238547724915683612879435398541726457623819
672345198351968247894217563928753614417896325536421789285679431169534872743182956
925743168468219573137856294289364751371528946546197832612475389793682415854931627
476532198518947236392618754734156829251489673689273415945821367827365941163794582
493756128518294367276831495964127853825349716137568249382615974641973582759482631
425736198618294573379851462234169857957348216186572349893615724741923685562487931
439572168658314297271896453912758634847963521563421789195237846386145972724689315
542376198791485236368129457159738642483652971276914583827591364635247819914863725
475962138918347625362518794734159862291486573586273419649821357827635941153794286
473952168918647523562318794754169832291483675386275419649821357827536941135794286
527843169819265374346971825971426583685397412432158796253719648798634251164582937
824736159375491268619528473796342581153879642248165397961284735432957816587613924
537246189419837562862591347143789625275614938986325714721968453698453271354172896
278654139541293768936178452697485321124936587853721694319542876765819243482367915
586437129249681753137259486762913548451768932398524617975842361814376295623195874
765238149382419675941567283827956314134872596659341827513724968496185732278693451
852734169436951287197826354324189576561247938978365412613472895285693741749518623
632874159478159236195623487583491762967285314214736598349567821726318945851942673
586234179729618543134759268362471985418592736957386421873145692295867314641923857
542378169761495238389126457158739642493652871276814593927561384835247916614983725
748536129529841736631927584257369418386415297914278365872194653493652871165783942
475386129963512847821479635248961573137258964659743218594127386382694751716835492
548973126216854973793162854869325741437681295125497638674519382382746519951238467
549873126216954387378162954967325841483691275125487639634518792892746513751239468
568749132791283645423165897614378529235914786987526413176492358859631274342857961
496752138821439567573168249934671825762583491158924673289316754315247986647895312
285694137941723568673518249538471926724936851196285473862359714459167382317842695
298467135347215689651839472184372596936154827725986341873591264419623758562748913
659478132281693745734521698945817326376249851812356974593162487127984563468735219
527469138431875962896213745183546297759328614264197853342981576615732489978654321
659487132871623945234591687945718326386249751712356894593162478128974563467835219
927846135648153927315279648736498512891527364452631879283914756164785293579362481
927684135648135972315297648756423819891576324432819567283941756164758293579362481
629748135847153962315269847736482519981576324452931678293814756174695283568327491
942857136587631492136492857825743961369218574471569328754986213618325749293174685
285976143193824567476513928632157489954382671718469235561748392347291856829635714
632875149197324658845619723451962387729583461368147295984736512576291834213458976
567238149428179635319546872974365218235781496186492357751624983693817524842953761
237849156186325794459716832692571483874293615315468279761954328943182567528637941
427386159936715284518942637842569713791238465653174928275693841389421576164857392
492835167817269543536147289941726835275384691683591472758613924324958716169472358
389425167421769538567138924675812349918643752234957816192586473746391285853274691
237458169946721853158369274392145687715986432684273915471632598829517346563894721
784395162261748593953612748649531827837264951512879634378926415426157389195483276
897253164246871593351469827173628945425197638689534271534916782918742356762385419
897452163216873594354169827173628945425791638689534271531946782948217356762385419
342759168857416293691823745485972631719635482263184957134298576576341829928567314
592836174873214659614759283951427836246385791387691542768143925425968317139572468
386425179421976538579138624695812347718643952234597816152789463947361285863254791
459362178836741925271598643684135792927486531315927864193654287748219356562873419
829365174741892653365147892936521748258476931174983526493718265582639417617254389
236984175749615238815732964584176392162593487973428651621357849397841526458269713
925764183837215694146893257412387569789651432563429871358942716694178325271536948
625439187387512694194867523561274839279358416438691752712945368943186275856723941
625437189387912654194865723468291537279358416531674892712549368943186275856723941
726538194398412765145976823671245938284369517539781642812653479453197286967824351
459783261763921584281654937174236859395817642826549713632175498517498326948362175
875346291296781453341952768938274516562819374417635829754163982123598647689427135
673584291219376485845129763436718952597432618182695374924861537351947826768253149
937864251254139768186725934375916482618243579429587316541398627893672145762451893
947368251215794863638125749123487596456932187789516324561879432394251678872643915
974368251215794368638125974123487695546932187789516423461879532397251846852643719
567389241189254763432716589643192875871465932295873416328541697716928354954637128
475389261638172459912465873723958146891746325546213987267891534359624718184537692
763498251842531967519726384654372819137985642928164573271853496486219735395647128
459867231762431859813295674246973185587126493391584762138749526624358917975612348
359476281672318945814529376461897532798235614523641798945782163186953427237164859
596437281781952634423816975634271598219568743875349126967184352342695817158723469
359476281682319745714528396461897532897235614523641879945782163176953428238164957
495368271781425936623719458967541382342687519158293764514832697279156843836974125
574836291691254783832791645426918537759362418183547962248673159315429876967185324
543678291791234865862519374416927538357486129928153746635791482284365917179842653
364895271891472365527361984175629438439518627682743159248137596713956842956284713
734859261596217438812364579653791842287435916149628357371582694425976183968143725
739845261542316897681279543198562734325794186476138925214687359953421678867953412
835976241692314578741258396368547129427891635159623784916782453574139862283465917
984753261735621984612849753157962438398417526246385197871296345423578619569134872
649753281837126954152498673584619732276534198913287465498372516321965847765841329
514976283236485791789213564195624378823597416467831952348159627651742839972368145
947651283312784965568239741756123498193468527824597136435872619681945372279316854
654198273981732456723645198815276349376914825492853617538427961147369582269581734
496178253827635419135294786682759134743861592519342867968527341371486925254913678
981657234437921658562384197328479561614835729759162483145298376876543912293716845
893715264721946835654328179436571982217689543589432617362154798948267351175893426
369178254452639187871524693743852916286941735915367428597286341134795862628413579
793185264152746839684239517328567491567914328419328675271453986946872153835691742
987563214124987653356412987671398542295174836843256179439825761562731498718649325
978531264124968357356472918681793542295184736743256189439625871562817493817349625
