693784512487512936125963874932651487568247391741398625319475268856129743274836159
793684512486512937125973846932751684578246391641398725319465278857129463264837159
673894512912735486845612973798261354526473891134589267469128735287356149351947628
679835412123694758548217936416723895892561374735489621287956143961342587354178269
346795812258431697971862543129576438835214769764389251517948326493627185682153974
598463712742851639316729845175632498869145273423978156934287561681594327257316984
364978512152436978879125634738651429691247385245389167923764851486512793517893246
649835712358217964172649385916784523834521679725963148287356491591472836463198257
367485912425391867189726354873254196651973428294168573718649235946532781532817649
378694512564218397291753684643125978712869453859437261435971826186542739927386145
346895712725361984198427356984256173651783429273149568819674235467532891532918647
349756812826143579157829364593264187761398425284571693915487236478632951632915748
546938712987421536213675498165794283432186975798352641871269354659843127324517869
869725413512934687374168529798246135231857946456319872683571294925483761147692358
562874913839215647174639582345761298728953461916482375283196754651347829497528136
572649813986531472314872596238457961167298345459163287893726154741385629625914738
867942513254731968319568724532496871196827345478153296743689152621375489985214637
967248513254731869318569724835426971126987345479153286743692158681375492592814637
278649513956831472314572896532467981167298345489153267893726154741385629625914738
549728613328561497716493825183654972957832146264179358892347561671985234435216789
867459213945231687213768954689517432324896175571324869436172598158943726792685341
867459213549231687213768954986517432375824169421396875634172598158943726792685341
978654213546231798213879654697518432481326975325947186734182569159463827862795341
978654213645231798213879654796518432521347986384926175437182569159463827862795341
478526913219837456365149872793214685521968734846753129932481567687395241154672398
827945613431286975659173842378462591514398267296517384942831756163759428785624139
675924813413867592298153476732415968841396725569782134924531687387649251156278349
769823514145769283823451976456217398931685427278934651614598732397142865582376149
976583214481629357523741869315874926749362581862195473198456732654237198237918645
857926314341758692962431578184365927795214836623879145519647283436182759278593461
596782314318465279724319658943821765185976423267534891471698532652143987839257146
596872314318465279724319658943721865167598423285634791471986532652143987839257146
569872314318469257724315689943721865157986423286534791471658932692143578835297146
538279614762148593914536287296714358451893726873652149347921865625487931189365472
826375914795481326413269857942713685651928473387654291164592738238147569579836142
826375914975481326413269857742913685651728493389654271164592738238147569597836142
964237815182459376357861429891376254725184963436592187548723691219645738673918542
762389415395412678481675932679854321254193867138726594547931286823567149916248753
782463915945812673361975842478256391256139487139784526597641238823597164614328759
798342615365819472421675938679458321254193867183726594547931286832567149916284753
248967315516832947397154268423596871659781432781423596175249683834615729962378154
248967315517832946693154287426593871359781462781426593175249638864315729932678154
729348615836915472451672938678254391245193867193786524567431289982567143314829756
792348615836915472451672938679854321245193867183726594567431289928567143314289756
829463715475912683361785942784256391956137428132894576598641237243578169617329854
879362415635914782421785639784659321256143978193827546568431297942578163317296854
379284615428561739561793428213657984786149253945328176157436892692875341834912567
823479615145683792697251348718345269562197834934862571371524986289716453456938127
472983615385614972196572483641857239237491856859326147913245768524768391768139524
634879215792541368518263479359418726861792543247635981175926834483157692926384157
