693784512487512936125963874932651487568247391741398625319475268856129743274836159
574962183913857624682413795765128349231549876498376512359281467827634951146795238
584762193913458726672913845865129374231547689497386512359271468728634951146895237
835267194427913658196854372563748921281695743974132586648571239712389465359426817
857962134942315867613748952391876245284531796765294381536129478429687513178453629
563279184724861359198354276287436915935187462641925837316542798872693541459718623
538762194297481365146953782985216473324597618761834529873649251619325847452178936
752638194941752863386491752463917285298546371175823946519384627827165439634279518
832756194914832675576491832465978213293614587187523946651349728328167459749285361
967385124285941763314627598649752381871493256532168947798534612126879435453216879
635872194782149356194563782469735821328691547517428963241957638856314279973286415
